image: 301-test-apr6.pgm
resolution: 0.050000
origin: [-88.400000, -50.000000, 0.000000]
negate: 0
occupied_thresh: 0.65
free_thresh: 0.196

